%YAML:1.0
---
opencv_lbphfaces:
   threshold: 1.7976931348623157e+308
   radius: 1
   neighbors: 8
   grid_x: 8
   grid_y: 8
   histograms:
      - !!opencv-matrix
         rows: 1
         cols: 16384
         dt: f
         data: [ 0.0520833321, 0.00520833349, 0.00520833349,
             0.00347222225, 0.0173611119, 0., 0.00173611112,
             0.0069444445, 0.00520833349, 0.00173611112, 0., 0.,
             0.013888889, 0., 0.00520833349, 0.00173611112,
             0.00520833349, 0.00173611112, 0., 0., 0.00868055597, 0., 0.,
             0., 0.010416667, 0.00173611112, 0.00173611112, 0.,
             0.0590277798, 0., 0.0295138899, 0.022569444, 0.00173611112,
             0., 0., 0., 0.00347222225, 0., 0., 0., 0.00173611112, 0.,
             0., 0., 0., 0., 0., 0., 0.00173611112, 0., 0., 0.,
             0.00347222225, 0.00173611112, 0.00173611112, 0.,
             0.0069444445, 0.00347222225, 0.00347222225, 0.00347222225,
             0.111111112, 0.00520833349, 0.0520833321, 0.0173611119,
             0.0347222239, 0.012152778, 0., 0., 0.0069444445, 0.,
             0.00347222225, 0.00520833349, 0., 0., 0., 0., 0.00520833349,
             0., 0., 0.00520833349, 0.00173611112, 0., 0., 0., 0., 0.,
             0., 0., 0.00347222225, 0., 0., 0., 0.00173611112, 0.,
             0.00173611112, 0., 0.00347222225, 0.00173611112, 0., 0.,
             0.00347222225, 0., 0., 0., 0.00347222225, 0., 0., 0., 0.,
             0., 0., 0., 0.010416667, 0.00347222225, 0.00173611112, 0.,
             0.00173611112, 0., 0., 0.00173611112, 0.00868055597,
             0.00173611112, 0., 0., 0.0295138899, 0.00173611112,
             0.0173611119, 0.015625, 0.00173611112, 0.00173611112, 0.,
             0., 0., 0., 0., 0.00347222225, 0., 0., 0., 0.,
             0.00173611112, 0., 0., 0.00173611112, 0., 0.00173611112, 0.,
             0., 0., 0., 0., 0., 0., 0., 0., 0., 0., 0., 0.,
             0.0069444445, 0., 0., 0., 0., 0., 0., 0., 0.00173611112, 0.,
             0., 0., 0., 0., 0., 0., 0., 0., 0.00173611112, 0., 0., 0.,
             0.00173611112, 0., 0., 0., 0., 0., 0., 0.00173611112, 0.,
             0., 0.027777778, 0.00347222225, 0.00520833349, 0.,
             0.00347222225, 0., 0.00520833349, 0., 0.00868055597, 0., 0.,
             0., 0., 0., 0., 0., 0.00347222225, 0.00173611112,
             0.00173611112, 0., 0., 0., 0., 0., 0., 0., 0., 0.,
             0.00173611112, 0.00173611112, 0.00347222225, 0.,
             0.00520833349, 0.00173611112, 0., 0., 0.00173611112,
             0.00173611112, 0., 0., 0.00520833349, 0.00173611112, 0., 0.,
             0., 0.00173611112, 0., 0., 0.00173611112, 0.00173611112,
             0.0173611119, 0., 0.00347222225, 0., 0.00520833349, 0.,
             0.013888889, 0., 0.0069444445, 0., 0.015625, 0.00868055597,
             0.00868055597, 0.010416667, 0.126736119, 0.03125,
             0.013888889, 0., 0.00173611112, 0.012152778, 0.,
             0.00347222225, 0.00868055597, 0., 0., 0., 0.00173611112,
             0.00173611112, 0., 0.00347222225, 0., 0.00868055597, 0., 0.,
             0., 0.00520833349, 0., 0., 0., 0.00347222225, 0.,
             0.00173611112, 0.00173611112, 0.012152778, 0., 0.0069444445,
             0.013888889, 0., 0., 0., 0., 0., 0., 0., 0., 0., 0., 0., 0.,
             0., 0., 0., 0., 0., 0., 0., 0., 0., 0., 0., 0.00173611112,
             0.00520833349, 0., 0., 0., 0.00868055597, 0., 0.0069444445,
             0.00868055597, 0.012152778, 0.00347222225, 0., 0.,
             0.00868055597, 0., 0., 0.00520833349, 0., 0., 0., 0.,
             0.00173611112, 0., 0., 0., 0.00173611112, 0., 0., 0., 0.,
             0.00173611112, 0., 0., 0., 0., 0., 0., 0., 0., 0.,
             0.00173611112, 0.00347222225, 0.00173611112, 0.00173611112,
             0., 0., 0., 0., 0., 0., 0., 0., 0., 0., 0., 0., 0.,
             0.00520833349, 0.00347222225, 0., 0., 0.00173611112,
             0.00173611112, 0., 0.00173611112, 0.00520833349, 0., 0., 0.,
             0.015625, 0., 0.00520833349, 0.00347222225, 0.00173611112,
             0.00520833349, 0., 0.013888889, 0.00173611112, 0.,
             0.00173611112, 0.012152778, 0., 0., 0., 0., 0., 0., 0.,
             0.00520833349, 0.00173611112, 0.00173611112, 0., 0., 0., 0.,
             0., 0., 0., 0., 0., 0., 0., 0.00173611112, 0., 0.013888889,
             0., 0.00173611112, 0., 0., 0., 0., 0., 0., 0., 0., 0., 0.,
             0., 0., 0., 0.00173611112, 0., 0., 0., 0., 0., 0., 0., 0.,
             0., 0., 0., 0., 0., 0., 0., 0.00868055597, 0.020833334,
             0.0833333358, 0., 0.140625, 0.00347222225, 0.00868055597,
             0., 0.0642361119, 0., 0., 0., 0., 0.00347222225, 0., 0.,
             0.00868055597, 0., 0.00173611112, 0., 0.00520833349, 0., 0.,
             0., 0.00173611112, 0., 0.00173611112, 0., 0.00173611112, 0.,
             0.00520833349, 0., 0.013888889, 0.00173611112, 0.015625,
             0.00173611112, 0.0434027798, 0., 0., 0., 0.026041666, 0.,
             0., 0., 0.00173611112, 0., 0., 0.00173611112, 0.,
             0.00868055597, 0.024305556, 0., 0.038194444, 0., 0., 0.,
             0.012152778, 0.00520833349, 0.010416667, 0., 0.020833334,
             0.00520833349, 0.0069444445, 0.00347222225, 0.0850694478,
             0.00868055597, 0.00347222225, 0., 0., 0.0069444445, 0., 0.,
             0.015625, 0., 0., 0., 0., 0.00347222225, 0.00173611112, 0.,
             0.00347222225, 0.010416667, 0.00520833349, 0., 0.,
             0.00520833349, 0., 0., 0.00173611112, 0.00347222225, 0., 0.,
             0., 0.0347222239, 0.00173611112, 0.0069444445,
             0.00868055597, 0., 0., 0., 0., 0.00173611112, 0., 0., 0.,
             0., 0., 0., 0., 0., 0., 0., 0., 0.013888889, 0., 0., 0.,
             0.00173611112, 0., 0., 0., 0.0069444445, 0., 0., 0.,
             0.0416666679, 0.00347222225, 0.012152778, 0.00868055597,
             0.022569444, 0.00173611112, 0., 0., 0.0069444445,
             0.00173611112, 0., 0.00173611112, 0., 0., 0., 0., 0., 0.,
             0.00173611112, 0., 0.00347222225, 0., 0., 0., 0., 0.,
             0.00173611112, 0., 0.00347222225, 0., 0., 0., 0.00347222225,
             0., 0., 0.00173611112, 0.00520833349, 0., 0., 0., 0., 0.,
             0., 0., 0., 0., 0., 0., 0., 0., 0., 0., 0.0503472239,
             0.00868055597, 0., 0., 0.00347222225, 0., 0.00173611112,
             0.00347222225, 0.0295138899, 0., 0., 0., 0.0607638881, 0.,
             0.013888889, 0.00868055597, 0., 0.00347222225, 0.,
             0.00347222225, 0., 0., 0., 0.0069444445, 0., 0., 0., 0., 0.,
             0., 0., 0.00173611112, 0., 0., 0., 0., 0., 0., 0., 0., 0.,
             0., 0., 0., 0., 0., 0., 0.00173611112, 0., 0., 0., 0., 0.,
             0., 0., 0., 0., 0., 0., 0., 0., 0., 0., 0., 0.,
             0.00347222225, 0., 0., 0., 0., 0., 0., 0., 0., 0.,
             0.00173611112, 0., 0., 0., 0.00173611112, 0.00173611112,
             0.0295138899, 0., 0.00520833349, 0., 0.00520833349, 0.,
             0.024305556, 0., 0., 0., 0., 0., 0.00173611112, 0.,
             0.0069444445, 0., 0.00347222225, 0., 0., 0., 0.00173611112,
             0., 0.00347222225, 0., 0.00173611112, 0., 0., 0.00173611112,
             0.00347222225, 0., 0.0069444445, 0.00347222225, 0.019097222,
             0., 0., 0., 0.00173611112, 0., 0.00347222225, 0., 0., 0.,
             0., 0., 0.00173611112, 0., 0.00173611112, 0.0642361119,
             0.0868055597, 0., 0.0069444445, 0., 0., 0., 0.0069444445,
             0.03125, 0.020833334, 0., 0.0069444445, 0.0364583321,
             0.027777778, 0.00520833349, 0.105902776, 0.00868055597,
             0.010416667, 0., 0., 0.010416667, 0., 0.00173611112,
             0.00347222225, 0., 0., 0., 0., 0.00173611112, 0., 0., 0.,
             0.012152778, 0.00520833349, 0., 0., 0.00347222225, 0., 0.,
             0., 0.00520833349, 0., 0., 0., 0.022569444, 0.00868055597,
             0.0069444445, 0.013888889, 0., 0., 0., 0., 0., 0., 0., 0.,
